1110 0011 1010 0000 0000 0000 0000 0101
1110 0011 1010 0000 0001 0000 0000 1010
1110 0011 1010 0000 0010 0000 0000 0000
1110 1010 0000 0000 0000 0000 0000 0000
1110 0011 1010 0000 0010 0000 0110 0011
1110 0011 1010 0000 0010 0000 0000 0001
1110 0001 0101 0000 0000 0000 0000 0000
0000 1010 0000 0000 0000 0000 0000 0000
1110 0011 1010 0000 0010 0000 0000 0000
1110 0011 1010 0000 0010 0000 0000 0111
1110 0001 0101 0000 0000 0000 0000 0001
0001 1010 0000 0000 0000 0000 0000 0000
1110 0011 1010 0000 0010 0000 0000 0000
1110 0011 1010 0000 0010 0000 0000 1000
1110 0001 0101 0000 0000 0000 0000 0001
1011 1010 0000 0000 0000 0000 0000 0000
1110 0011 1010 0000 0010 0000 0000 0000
1110 0011 1010 0000 0010 0000 0000 0111
1110 0001 0101 0001 0000 0000 0000 0000
1100 1010 0000 0000 0000 0000 0000 0000
1110 0011 1010 0000 0010 0000 0000 0000
1110 0011 1010 0000 0010 0000 0000 1000
1110 0001 0101 0001 0000 0000 0000 0000
1010 1010 0000 0000 0000 0000 0000 0000
1110 0011 1010 0000 0010 0000 0000 0000
1110 0011 1010 0000 0010 0000 0000 0111
1110 0001 0101 0000 0000 0000 0000 0001
1101 1010 0000 0000 0000 0000 0000 0000
1110 0011 1010 0000 0010 0000 0000 0000
1110 0011 1010 0000 0010 0000 0000 1000
1111 0000 0000 0000 0000 0000 0000 0000
